-------------------------------------------------------------------------

T1 Q1 (SL - ELIMINAÇÃO DE GAUSS) 

4 3 2
1 3 1
2 1 3 

VETOR: 960 510 610

-------------------------------------------------------------------------

T2 Q2 (SL - GAUSS-SEIDEL)

1.0 0.0 0.7071 1.0 0.0 0.0 0.0 0.0 0.0 0.0
0.0 1.0 0.7071 0.0 0.0 0.0 0.0 0.0 0.0 0.0
0.0 0.0 -0.7071 0.0 -0.7071 0.0 0.0 0.0 0.0 0.0
0.0 0.0 0.0 -1.0 -0.7071 0.0 0.5 1.0 0.0 0.0
0.0 0.0 0.0 0.0 0.7071 0.0 0.866 0.0 0.0 0.0
0.0 0.0 -0.7071 0.0 0.7071 1.0 0.0 0.0 0.0 0.0
0.0 0.0 0.0 0.0 0.0 0.0 -0.866 0.0 -0.5 0.0
0.0 0.0 0.0 0.0 0.0 0.0 0.0 -1.0 -0.866 0.0
0.0 0.0 0.0 0.0 0.0 -1.0 -0.5 0.0 0.866 0.0
0.0 0.0 0.0 0.0 0.0 0.0 0.0 0.0 0.5 1.0

VETOR: 0 0 500 0 0 0 100 0 0 0

-------------------------------------------------------------------------

T3 Q3 (MINIMOS QUADRADOS)

X: 0 1.5 2.6 4.2 6 8.2 10 11.4

Y: 18 13 11 9 6 4 2 1

-------------------------------------------------------------------------

T4 (INTEGRAÇÃO NUMÉRICA - TRAPÉZIO/SIMPSON, TABELA DE PONTOS)

X: 0 10 20 30 40

Y: 62.8 58.3 49 98.4 44.3

-------------------------------------------------------------------------